audio-channels=auto-safe
sub-pos=100.000000
volume=77.600021
